 customer_id | order_date | total_amount | order_rank_by_customer 
-------------+------------+--------------+------------------------
           1 | 2025-04-02 |     13700.00 |                      1
           1 | 2024-09-05 |      3050.00 |                      2
           2 | 2024-09-12 |      8700.00 |                      1
           2 | 2025-06-18 |      2200.00 |                      2
           3 | 2024-10-01 |     12500.00 |                      1
           3 | 2025-04-15 |      4400.00 |                      2
           4 | 2024-10-15 |      4200.00 |                      1
           5 | 2025-05-01 |      7500.00 |                      1
           5 | 2024-11-02 |      2400.00 |                      2
           6 | 2025-08-15 |     43000.00 |                      1
           6 | 2024-11-18 |     36500.00 |                      2
           7 | 2024-12-05 |      7500.00 |                      1
           8 | 2025-07-05 |      8500.00 |                      1
           8 | 2024-12-20 |      3400.00 |                      2
           9 | 2025-08-28 |      9700.00 |                      1
           9 | 2025-01-08 |      9700.00 |                      2
          10 | 2025-07-12 |     15000.00 |                      1
          10 | 2025-01-22 |      5500.00 |                      2
          11 | 2025-02-03 |     15000.00 |                      1
          12 | 2025-07-20 |      4600.00 |                      1
          12 | 2025-02-14 |      1200.00 |                      2
          13 | 2025-03-01 |     21700.00 |                      1
          14 | 2025-03-10 |      6400.00 |                      1
          14 | 2025-08-02 |      1600.00 |                      2
          15 | 2025-03-22 |      2800.00 |                      1
          16 | 2025-05-08 |      1800.00 |                      1
          17 | 2025-05-12 |     28000.00 |                      1
          18 | 2025-05-20 |      5500.00 |                      1
          19 | 2025-06-01 |      3600.00 |                      1
          20 | 2025-06-10 |     12500.00 |                      1
(30 rows)

